
6
1
menu\moon_menu.bmp
0.0 0.0 1.0
0.0 0.0 -1.0 -1.0  1.0
1.0 0.0  1.0 -1.0  1.0
1.0 1.0  1.0  1.0  1.0
0.0 1.0 -1.0  1.0  1.0

0.0 0.0 -1.0
1.0 0.0 -1.0 -1.0 -1.0
1.0 1.0 -1.0  1.0 -1.0
0.0 1.0  1.0  1.0 -1.0
0.0 0.0  1.0 -1.0 -1.0

0.0 1.0 0.0
0.0 1.0 -1.0  1.0 -1.0
0.0 0.0 -1.0  1.0  1.0
1.0 0.0  1.0  1.0  1.0
1.0 1.0  1.0  1.0 -1.0

0.0 -1.0 0.0
1.0 1.0 -1.0 -1.0 -1.0
0.0 1.0  1.0 -1.0 -1.0
0.0 0.0  1.0 -1.0  1.0
1.0 0.0 -1.0 -1.0  1.0

1.0 0.0 0.0
1.0 0.0  1.0 -1.0 -1.0
1.0 1.0  1.0  1.0 -1.0
0.0 1.0  1.0  1.0  1.0
0.0 0.0  1.0 -1.0  1.0

-1.0 0.0 0.0
0.0 0.0 -1.0 -1.0 -1.0
1.0 0.0 -1.0 -1.0  1.0
1.0 1.0 -1.0  1.0  1.0
0.0 1.0 -1.0  1.0 -1.0